id	expiry	lastAccessed	creationTime
1	1578789075	1576197335900000	1576197076067000
2	1592008275	1576197335900000	1576197076068000
3	1639269076	1576197076303000	1576197076303000
4	1576283476	1576197076305000	1576197076305000
5	1576197136	1576197076358000	1576197076358000
6	1578789076	1576197077473000	1576197077473000
7	1578960000	1576197315510000	1576197315510000
8	1578960000	1576197315510000	1576197315510000
9	1578789334	1576197335171000	1576197335155000
10	1610498135	1576197335378000	1576197335378000
11	1576199135	1576197335379000	1576197335379000
12	1610498135	1576197335487000	1576197335487000
13	1609893335	1576197335490000	1576197335490000
14	1609893335	1576197335490000	1576197335490000
15	1598315735	1576197335490000	1576197335490000
16	1609893335	1576197335490000	1576197335490000
17	1609893335	1576197335490000	1576197335490000
18	1609893335	1576197335490000	1576197335490000
19	1609893335	1576197335490000	1576197335490000
20	1578789334	1576197335568000	1576197335568000
21	1639269335	1576197335732000	1576197335732000
22	1576283735	1576197335733000	1576197335733000
23	1576197395	1576197335737000	1576197335737000
24	1576197395	1576197335808000	1576197335808000
25	1576283735	1576197335957000	1576197335957000
26	1610498136	1576197336046000	1576197336046000
27	1591749348	1576197348877000	1576197348877000
28	1591749348	1576197349114000	1576197349114000
29	1576199148	1576197349114000	1576197349114000
30	1639269348	1576197349485000	1576197349485000
31	1591965350	1576197350446000	1576197350446000
32	1609893349	1576197350673000	1576197350673000
33	1639269350	1576197350696000	1576197350696000
34	1576283750	1576197350697000	1576197350697000
35	1638405349	1576197350708000	1576197350708000
36	1638405349	1576197350708000	1576197350708000
37	1576197411	1576197351008000	1576197351008000
38	1583973351	1576197351161000	1576197351161000
40	1610325351	1576197351293000	1576197351293000
41	1610325351	1576197351300000	1576197351300000
42	1610325351	1576197351301000	1576197351301000
43	1576199151	1576197351302000	1576197351302000
44	1639269350	1576197351399000	1576197351399000
45	1583973351	1576197351912000	1576197351204000
46	1583973351	1576197351996000	1576197351996000
47	1639269351	1576197351996000	1576197351996000
49	1576197426	1576197366179000	1576197366179000
50	1591749366	1576197366517000	1576197366517000
53	1607733366	1576197367167000	1576197366142000
54	1578789366	1576197367245000	1576197367245000
55	1607733367	1576197367430000	1576197367430000
56	1607733367	1576197367431000	1576197367431000
59	1639269368	1576197368153000	1576197368153000
60	1576283768	1576197368153000	1576197368153000
61	1576197428	1576197368154000	1576197368154000
62	1609893367	1576197368279000	1576197368279000
63	1591749367	1576197368280000	1576197368280000
66	1639269369	1576197369037000	1576197369037000
68	1576199170	1576197370971000	1576197366641000
69	1607733370	1576197370971000	1576197366641000
70	1891557371	1576197371053000	1576197367568000
71	1583973371	1576197371296000	1576197368955000
72	1607733371	1576197371307000	1576197367441000
73	1607733372	1576197372615000	1576197372615000
id	expiry	lastAccessed	creationTime
74	1639269392	1576197392272000	1576197392272000
75	1576283792	1576197392273000	1576197392273000
76	1576197452	1576197392276000	1576197392276000
77	1662597392	1576197392332000	1576197392332000
78	1576197452	1576197392403000	1576197392403000
79	1576197452	1576197392412000	1576197392412000
80	1576197452	1576197392424000	1576197392424000
81	1578789411	1576197412759000	1576197412759000
83	1734050213	1576197413561000	1576197413561000
84	1639269413	1576197413741000	1576197413741000
85	1639442215	1576197414059000	1576197413027000
86	1576199274	1576197414060000	1576197414060000
87	1578789434	1576197435634000	1576197435634000
88	1734050236	1576197436252000	1576197436252000
89	1576201036	1576197436298000	1576197436298000
90	1639269436	1576197436331000	1576197436331000
91	1578789453	1576197454803000	1576197454803000
92	1639269456	1576197456879000	1576197456879000
93	1576283856	1576197456879000	1576197456879000
94	1576197516	1576197456882000	1576197456882000
95	1578789476	1576197478320000	1576197478320000
id	expiry	lastAccessed	creationTime
96	1578789495	1576197496742000	1576197076067000
97	1610498297	1576197497233000	1576197497233000
98	1576199297	1576197497234000	1576197497234000
102	1610498297	1576197497395000	1576197335487000
103	1639269497	1576197497555000	1576197497555000
104	1576283897	1576197497556000	1576197497556000
105	1576197557	1576197497559000	1576197497559000
106	1610498297	1576197497796000	1576197336046000
107	1583973498	1576197498080000	1576197498080000
108	1591749498	1576197498109000	1576197498109000
109	1591749497	1576197498129000	1576197498129000
110	1591749497	1576197498129000	1576197498129000
111	1591749497	1576197498129000	1576197498129000
112	1591749498	1576197498160000	1576197498160000
113	1591749497	1576197498163000	1576197498163000
114	1591749497	1576197498163000	1576197498163000
115	1607819897	1576197498164000	1576197498164000
117	1610152697	1576197498176000	1576197498176000
118	1610498297	1576197498178000	1576197498178000
119	1609893498	1576197498185000	1576197497320000
120	1609893498	1576197498185000	1576197335490000
121	1609893498	1576197498185000	1576197335490000
122	1607819897	1576197498244000	1576197498164000
123	1610152697	1576197498265000	1576197498265000
124	1639269514	1576197514040000	1576197514040000
125	1576283914	1576197514040000	1576197514040000
126	1576197574	1576197514049000	1576197514049000
127	1576197574	1576197514061000	1576197514061000
128	1578789513	1576197514395000	1576197514395000
129	1607755135	1576197536452000	1576197536452000
130	1578789536	1576197536894000	1576197536894000
131	253402257600	1576197537110000	1576197537110000
132	1639269537	1576197537164000	1576197537164000
133	1576283937	1576197537166000	1576197537166000
134	1576197597	1576197537171000	1576197537171000
135	1639269556	1576197556426000	1576197556426000
136	1576283956	1576197556426000	1576197556426000
137	1576197616	1576197556430000	1576197556430000
138	1576197616	1576197556438000	1576197556438000
139	1583973557	1576197557357000	1576197557357000
140	1639269573	1576197573777000	1576197573777000
141	1576283973	1576197573778000	1576197573778000
142	1576197633	1576197573781000	1576197573781000
id	expiry	lastAccessed	creationTime
143	1639311456	1576197605626000	1576197605626000
144	1576199405	1576197605948000	1576197605948000
145	1639311457	1576197606188000	1576197606188000
146	1639311457	1576197606188000	1576197606188000
147	1576284005	1576197606188000	1576197606188000
148	1583973606	1576197606267000	1576197498080000
149	1578789606	1576197606362000	1576197606362000
150	1639269607	1576197607181000	1576197607181000
152	1591965607	1576197607182000	1576197607182000
153	1639269607	1576197607186000	1576197607186000
154	1576198207	1576197607188000	1576197607188000
155	1576199407	1576197607203000	1576197607182000
156	1578825639	1576197639953000	1576197639953000
157	1591749640	1576197640501000	1576197640501000
158	1639269640	1576197640918000	1576197640918000
159	1576284040	1576197640918000	1576197640918000
160	1576197700	1576197640934000	1576197640934000
164	1583955600	1576197641959000	1576197641910000
165	1583955600	1576197641959000	1576197641910000
166	1583973642	1576197642032000	1576197641534000
167	1578789642	1576197642032000	1576197642032000
168	1578789641	1576197642387000	1576197642387000
169	1583973642	1576197642387000	1576197642387000
171	1576284057	1576197657106000	1576197657106000
172	1576284057	1576197657106000	1576197657106000
173	1576197717	1576197657321000	1576197657321000
174	1607733658	1576197658363000	1576197657104000
176	1576197661	1576197660502000	1576197660502000
178	1591749660	1576197660853000	1576197498109000
182	1734050460	1576197661067000	1576197660509000
183	1639356061	1576197661073000	1576197660484000
184	1576802490	1576197690932000	1576197690932000
185	1607733690	1576197690932000	1576197690932000
186	1578876110	1576197709740000	1576197709740000
187	1735689600	1576197709740000	1576197709740000
188	1735689600	1576197709740000	1576197709740000
189	1576212110	1576197710998000	1576197710998000
190	1607733711	1576197711697000	1576197711697000
191	2147385600	1576197712056000	1576197712053000
192	1578876113	1576197712848000	1576197712848000
193	1578876114	1576197713040000	1576197713040000
194	1607733713	1576197713563000	1576197713563000
195	1607733713	1576197713569000	1576197713569000
196	1576201313	1576197713882000	1576197713882000
id	expiry	lastAccessed	Creationtime
199	1576199539	1576197739912000	1576197739912000
200	1578876140	1576197740101000	1576197740101000
201	1610412139	1576197740106000	1576197740106000
202	1639269740	1576197740147000	1576197740147000
203	1576284140	1576197740148000	1576197740148000
204	1584144000	1576197740340000	1576197740340000
205	1576197800	1576197740356000	1576197740356000
206	1639269740	1576197740379000	1576197739592000
207	1576284140	1576197740379000	1576197739594000
208	1576197800	1576197740381000	1576197740381000
209	1607733739	1576197740405000	1576197740405000
210	1607733739	1576197740405000	1576197740405000
211	1607733740	1576197740437000	1576197740437000
212	4729797741	1576197741011000	1576197741011000
219	1607733741	1576197741584000	1576197741584000
220	1607733741	1576197741584000	1576197741584000
221	1583973742	1576197741999000	1576197741197000
222	1610498542	1576197742065000	1576197742065000
223	1576199542	1576197742066000	1576197742066000
227	1610498542	1576197742296000	1576197335487000
229	1610498542	1576197742593000	1576197336046000
230	1639269741	1576197742605000	1576197742605000
232	1607733742	1576197742984000	1576197742984000
233	1591749743	1576197743005000	1576197743005000
235	1639269742	1576197743079000	1576197743079000
236	1639269742	1576197743079000	1576197743079000
237	1639269742	1576197743080000	1576197743080000
238	1607733742	1576197743110000	1576197743110000
239	1609893743	1576197743158000	1576197497320000
240	1609893743	1576197743158000	1576197335490000
241	1609893743	1576197743158000	1576197335490000
242	1591749742	1576197743184000	1576197498129000
245	1670805747	1576197747604000	1576197742519000
248	1576199564	1576197764525000	1576197741386000
249	1610361764	1576197764526000	1576197741385000
250	3723681410	1576197765027000	1576197765027000
255	1578789764	1576197765668000	1576197765668000
256	1576199564	1576197765688000	1576197765688000
257	1639269765	1576197765771000	1576197765771000
259	1583973764	1576197765886000	1576197765886000
260	1583973765	1576197765948000	1576197765948000
261	1610152965	1576197765958000	1576197765958000
262	1607820165	1576197765958000	1576197765958000
263	1607733765	1576197766073000	1576197743016000
264	1578789765	1576197766073000	1576197766073000
265	1583973766	1576197766145000	1576197766145000
266	1583973766	1576197766146000	1576197498080000
269	1607820166	1576197766166000	1576197766166000
270	1581381765	1576197766178000	1576197743466000
271	1581381765	1576197766178000	1576197743466000
272	1581381765	1576197766178000	1576197766178000
273	1607733766	1576197766182000	1576197766182000
274	1607733765	1576197766186000	1576197766186000
275	1583973765	1576197766186000	1576197766186000
276	1607301766	1576197766187000	1576197766187000
277	1607733766	1576197766187000	1576197766187000
278	1607647366	1576197766237000	1576197766237000
279	1583973766	1576197766254000	1576197766254000
282	1580085765	1576197766263000	1576197766263000
283	1583973765	1576197766274000	1576197766274000
284	1607733765	1576197766274000	1576197766274000
285	1576284165	1576197766274000	1576197766274000
286	1607733765	1576197766275000	1576197766275000
287	1607733765	1576197766282000	1576197766282000
288	1607733765	1576197766282000	1576197766282000
289	1607733766	1576197766292000	1576197766292000
291	1607820166	1576197766333000	1576197766333000
292	1577836800	1576197766333000	1576197766333000
293	1576284166	1576197766333000	1576197766333000
294	1607820166	1576197766333000	1576197742966000
296	1639269766	1576197766419000	1576197766419000
297	1576284166	1576197766420000	1576197766420000
298	1576197826	1576197766424000	1576197766424000
299	1586565766	1576197766464000	1576197766464000
301	1576199566	1576197766480000	1576197766478000
303	1583973766	1576197766501000	1576197641534000
304	1586565766	1576197766563000	1576197766464000
305	1610307765	1576197766567000	1576197766567000
306	1610307765	1576197766567000	1576197766567000
307	1599523740	1576197766570000	1576197766570000
308	1599523740	1576197766571000	1576197766571000
309	1599525766	1576197766571000	1576197766466000
310	1599525766	1576197766571000	1576197766571000
311	1576197826	1576197766593000	1576197766593000
312	1638405765	1576197766672000	1576197766672000
313	1576284165	1576197766672000	1576197766672000
314	1576201365	1576197766672000	1576197766672000
315	1583973765	1576197766859000	1576197766859000
317	1583973765	1576197766937000	1576197766937000
318	1583973766	1576197767011000	1576197767011000
319	1607733766	1576197767051000	1576197766255000
320	1581381766	1576197767051000	1576197766255000
321	1607733766	1576197767498000	1576197767498000
322	1607733766	1576197767498000	1576197767498000
323	1581381766	1576197767498000	1576197767498000
324	1581381767	1576197767986000	1576197767499000
325	1591749768	1576197768156000	1576197768156000
326	1607733768	1576197768179000	1576197765585000
328	1638405768	1576197768220000	1576197768220000
329	1639442569	1576197768229000	1576197765386000
330	1591749768	1576197768277000	1576197498109000
331	1639269767	1576197768310000	1576197768310000
332	1638405767	1576197768344000	1576197768344000
333	1576201367	1576197768344000	1576197768344000
334	1591749768	1576197768487000	1576197498160000
335	1639356168	1576197768490000	1576197765332000
336	1583973768	1576197768560000	1576197766936000
337	1576197813	1576197783891000	1576197783891000
338	1607733820	1576197820958000	1576197820958000
341	1639269821	1576197821602000	1576197821602000
342	1576284221	1576197821603000	1576197821603000
343	1576197881	1576197821693000	1576197821693000
344	1607733820	1576197836619000	1576197820970000
345	1639269835	1576197836641000	1576197820996000
346	1578789835	1576197839023000	1576197839023000
347	1576201439	1576197839023000	1576197839023000
348	1639269839	1576197839906000	1576197839906000
349	1576284239	1576197839907000	1576197839907000
350	1576197899	1576197839909000	1576197839909000
352	1578789839	1576197840281000	1576197840281000
353	1591749840	1576197840281000	1576197840281000
354	1591749840	1576197840337000	1576197840337000
355	1583973841	1576197841668000	1576197840163000
