id	expiry	lastAccessed	Creationtime
199	1576199539	1576197739912000	1576197739912000
200	1578876140	1576197740101000	1576197740101000
201	1610412139	1576197740106000	1576197740106000
202	1639269740	1576197740147000	1576197740147000
203	1576284140	1576197740148000	1576197740148000
204	1584144000	1576197740340000	1576197740340000
205	1576197800	1576197740356000	1576197740356000
206	1639269740	1576197740379000	1576197739592000
207	1576284140	1576197740379000	1576197739594000
208	1576197800	1576197740381000	1576197740381000
209	1607733739	1576197740405000	1576197740405000
210	1607733739	1576197740405000	1576197740405000
211	1607733740	1576197740437000	1576197740437000
212	4729797741	1576197741011000	1576197741011000
219	1607733741	1576197741584000	1576197741584000
220	1607733741	1576197741584000	1576197741584000
221	1583973742	1576197741999000	1576197741197000
222	1610498542	1576197742065000	1576197742065000
223	1576199542	1576197742066000	1576197742066000
227	1610498542	1576197742296000	1576197335487000
229	1610498542	1576197742593000	1576197336046000
230	1639269741	1576197742605000	1576197742605000
232	1607733742	1576197742984000	1576197742984000
233	1591749743	1576197743005000	1576197743005000
235	1639269742	1576197743079000	1576197743079000
236	1639269742	1576197743079000	1576197743079000
237	1639269742	1576197743080000	1576197743080000
238	1607733742	1576197743110000	1576197743110000
239	1609893743	1576197743158000	1576197497320000
240	1609893743	1576197743158000	1576197335490000
241	1609893743	1576197743158000	1576197335490000
242	1591749742	1576197743184000	1576197498129000
245	1670805747	1576197747604000	1576197742519000
248	1576199564	1576197764525000	1576197741386000
249	1610361764	1576197764526000	1576197741385000
250	3723681410	1576197765027000	1576197765027000
255	1578789764	1576197765668000	1576197765668000
256	1576199564	1576197765688000	1576197765688000
257	1639269765	1576197765771000	1576197765771000
259	1583973764	1576197765886000	1576197765886000
260	1583973765	1576197765948000	1576197765948000
261	1610152965	1576197765958000	1576197765958000
262	1607820165	1576197765958000	1576197765958000
263	1607733765	1576197766073000	1576197743016000
264	1578789765	1576197766073000	1576197766073000
265	1583973766	1576197766145000	1576197766145000
266	1583973766	1576197766146000	1576197498080000
269	1607820166	1576197766166000	1576197766166000
270	1581381765	1576197766178000	1576197743466000
271	1581381765	1576197766178000	1576197743466000
272	1581381765	1576197766178000	1576197766178000
273	1607733766	1576197766182000	1576197766182000
274	1607733765	1576197766186000	1576197766186000
275	1583973765	1576197766186000	1576197766186000
276	1607301766	1576197766187000	1576197766187000
277	1607733766	1576197766187000	1576197766187000
278	1607647366	1576197766237000	1576197766237000
279	1583973766	1576197766254000	1576197766254000
282	1580085765	1576197766263000	1576197766263000
283	1583973765	1576197766274000	1576197766274000
284	1607733765	1576197766274000	1576197766274000
285	1576284165	1576197766274000	1576197766274000
286	1607733765	1576197766275000	1576197766275000
287	1607733765	1576197766282000	1576197766282000
288	1607733765	1576197766282000	1576197766282000
289	1607733766	1576197766292000	1576197766292000
291	1607820166	1576197766333000	1576197766333000
292	1577836800	1576197766333000	1576197766333000
293	1576284166	1576197766333000	1576197766333000
294	1607820166	1576197766333000	1576197742966000
296	1639269766	1576197766419000	1576197766419000
297	1576284166	1576197766420000	1576197766420000
298	1576197826	1576197766424000	1576197766424000
299	1586565766	1576197766464000	1576197766464000
301	1576199566	1576197766480000	1576197766478000
303	1583973766	1576197766501000	1576197641534000
304	1586565766	1576197766563000	1576197766464000
305	1610307765	1576197766567000	1576197766567000
306	1610307765	1576197766567000	1576197766567000
307	1599523740	1576197766570000	1576197766570000
308	1599523740	1576197766571000	1576197766571000
309	1599525766	1576197766571000	1576197766466000
310	1599525766	1576197766571000	1576197766571000
311	1576197826	1576197766593000	1576197766593000
312	1638405765	1576197766672000	1576197766672000
313	1576284165	1576197766672000	1576197766672000
314	1576201365	1576197766672000	1576197766672000
315	1583973765	1576197766859000	1576197766859000
317	1583973765	1576197766937000	1576197766937000
318	1583973766	1576197767011000	1576197767011000
319	1607733766	1576197767051000	1576197766255000
320	1581381766	1576197767051000	1576197766255000
321	1607733766	1576197767498000	1576197767498000
322	1607733766	1576197767498000	1576197767498000
323	1581381766	1576197767498000	1576197767498000
324	1581381767	1576197767986000	1576197767499000
325	1591749768	1576197768156000	1576197768156000
326	1607733768	1576197768179000	1576197765585000
328	1638405768	1576197768220000	1576197768220000
329	1639442569	1576197768229000	1576197765386000
330	1591749768	1576197768277000	1576197498109000
331	1639269767	1576197768310000	1576197768310000
332	1638405767	1576197768344000	1576197768344000
333	1576201367	1576197768344000	1576197768344000
334	1591749768	1576197768487000	1576197498160000
335	1639356168	1576197768490000	1576197765332000
336	1583973768	1576197768560000	1576197766936000
337	1576197813	1576197783891000	1576197783891000
338	1607733820	1576197820958000	1576197820958000
341	1639269821	1576197821602000	1576197821602000
342	1576284221	1576197821603000	1576197821603000
343	1576197881	1576197821693000	1576197821693000
344	1607733820	1576197836619000	1576197820970000
345	1639269835	1576197836641000	1576197820996000
346	1578789835	1576197839023000	1576197839023000
347	1576201439	1576197839023000	1576197839023000
348	1639269839	1576197839906000	1576197839906000
349	1576284239	1576197839907000	1576197839907000
350	1576197899	1576197839909000	1576197839909000
352	1578789839	1576197840281000	1576197840281000
353	1591749840	1576197840281000	1576197840281000
354	1591749840	1576197840337000	1576197840337000
355	1583973841	1576197841668000	1576197840163000
