id	expiry	lastAccessed	creationTime
96	1578789495	1576197496742000	1576197076067000
97	1610498297	1576197497233000	1576197497233000
98	1576199297	1576197497234000	1576197497234000
102	1610498297	1576197497395000	1576197335487000
103	1639269497	1576197497555000	1576197497555000
104	1576283897	1576197497556000	1576197497556000
105	1576197557	1576197497559000	1576197497559000
106	1610498297	1576197497796000	1576197336046000
107	1583973498	1576197498080000	1576197498080000
108	1591749498	1576197498109000	1576197498109000
109	1591749497	1576197498129000	1576197498129000
110	1591749497	1576197498129000	1576197498129000
111	1591749497	1576197498129000	1576197498129000
112	1591749498	1576197498160000	1576197498160000
113	1591749497	1576197498163000	1576197498163000
114	1591749497	1576197498163000	1576197498163000
115	1607819897	1576197498164000	1576197498164000
117	1610152697	1576197498176000	1576197498176000
118	1610498297	1576197498178000	1576197498178000
119	1609893498	1576197498185000	1576197497320000
120	1609893498	1576197498185000	1576197335490000
121	1609893498	1576197498185000	1576197335490000
122	1607819897	1576197498244000	1576197498164000
123	1610152697	1576197498265000	1576197498265000
124	1639269514	1576197514040000	1576197514040000
125	1576283914	1576197514040000	1576197514040000
126	1576197574	1576197514049000	1576197514049000
127	1576197574	1576197514061000	1576197514061000
128	1578789513	1576197514395000	1576197514395000
129	1607755135	1576197536452000	1576197536452000
130	1578789536	1576197536894000	1576197536894000
131	253402257600	1576197537110000	1576197537110000
132	1639269537	1576197537164000	1576197537164000
133	1576283937	1576197537166000	1576197537166000
134	1576197597	1576197537171000	1576197537171000
135	1639269556	1576197556426000	1576197556426000
136	1576283956	1576197556426000	1576197556426000
137	1576197616	1576197556430000	1576197556430000
138	1576197616	1576197556438000	1576197556438000
139	1583973557	1576197557357000	1576197557357000
140	1639269573	1576197573777000	1576197573777000
141	1576283973	1576197573778000	1576197573778000
142	1576197633	1576197573781000	1576197573781000
