id	expiry	lastAccessed	creationTime
74	1639269392	1576197392272000	1576197392272000
75	1576283792	1576197392273000	1576197392273000
76	1576197452	1576197392276000	1576197392276000
77	1662597392	1576197392332000	1576197392332000
78	1576197452	1576197392403000	1576197392403000
79	1576197452	1576197392412000	1576197392412000
80	1576197452	1576197392424000	1576197392424000
81	1578789411	1576197412759000	1576197412759000
83	1734050213	1576197413561000	1576197413561000
84	1639269413	1576197413741000	1576197413741000
85	1639442215	1576197414059000	1576197413027000
86	1576199274	1576197414060000	1576197414060000
87	1578789434	1576197435634000	1576197435634000
88	1734050236	1576197436252000	1576197436252000
89	1576201036	1576197436298000	1576197436298000
90	1639269436	1576197436331000	1576197436331000
91	1578789453	1576197454803000	1576197454803000
92	1639269456	1576197456879000	1576197456879000
93	1576283856	1576197456879000	1576197456879000
94	1576197516	1576197456882000	1576197456882000
95	1578789476	1576197478320000	1576197478320000
