id	expiry	lastAccessed	creationTime
143	1639311456	1576197605626000	1576197605626000
144	1576199405	1576197605948000	1576197605948000
145	1639311457	1576197606188000	1576197606188000
146	1639311457	1576197606188000	1576197606188000
147	1576284005	1576197606188000	1576197606188000
148	1583973606	1576197606267000	1576197498080000
149	1578789606	1576197606362000	1576197606362000
150	1639269607	1576197607181000	1576197607181000
152	1591965607	1576197607182000	1576197607182000
153	1639269607	1576197607186000	1576197607186000
154	1576198207	1576197607188000	1576197607188000
155	1576199407	1576197607203000	1576197607182000
156	1578825639	1576197639953000	1576197639953000
157	1591749640	1576197640501000	1576197640501000
158	1639269640	1576197640918000	1576197640918000
159	1576284040	1576197640918000	1576197640918000
160	1576197700	1576197640934000	1576197640934000
164	1583955600	1576197641959000	1576197641910000
165	1583955600	1576197641959000	1576197641910000
166	1583973642	1576197642032000	1576197641534000
167	1578789642	1576197642032000	1576197642032000
168	1578789641	1576197642387000	1576197642387000
169	1583973642	1576197642387000	1576197642387000
171	1576284057	1576197657106000	1576197657106000
172	1576284057	1576197657106000	1576197657106000
173	1576197717	1576197657321000	1576197657321000
174	1607733658	1576197658363000	1576197657104000
176	1576197661	1576197660502000	1576197660502000
178	1591749660	1576197660853000	1576197498109000
182	1734050460	1576197661067000	1576197660509000
183	1639356061	1576197661073000	1576197660484000
184	1576802490	1576197690932000	1576197690932000
185	1607733690	1576197690932000	1576197690932000
186	1578876110	1576197709740000	1576197709740000
187	1735689600	1576197709740000	1576197709740000
188	1735689600	1576197709740000	1576197709740000
189	1576212110	1576197710998000	1576197710998000
190	1607733711	1576197711697000	1576197711697000
191	2147385600	1576197712056000	1576197712053000
192	1578876113	1576197712848000	1576197712848000
193	1578876114	1576197713040000	1576197713040000
194	1607733713	1576197713563000	1576197713563000
195	1607733713	1576197713569000	1576197713569000
196	1576201313	1576197713882000	1576197713882000
