id	expiry	lastAccessed	creationTime
1	1578789075	1576197335900000	1576197076067000
2	1592008275	1576197335900000	1576197076068000
3	1639269076	1576197076303000	1576197076303000
4	1576283476	1576197076305000	1576197076305000
5	1576197136	1576197076358000	1576197076358000
6	1578789076	1576197077473000	1576197077473000
7	1578960000	1576197315510000	1576197315510000
8	1578960000	1576197315510000	1576197315510000
9	1578789334	1576197335171000	1576197335155000
10	1610498135	1576197335378000	1576197335378000
11	1576199135	1576197335379000	1576197335379000
12	1610498135	1576197335487000	1576197335487000
13	1609893335	1576197335490000	1576197335490000
14	1609893335	1576197335490000	1576197335490000
15	1598315735	1576197335490000	1576197335490000
16	1609893335	1576197335490000	1576197335490000
17	1609893335	1576197335490000	1576197335490000
18	1609893335	1576197335490000	1576197335490000
19	1609893335	1576197335490000	1576197335490000
20	1578789334	1576197335568000	1576197335568000
21	1639269335	1576197335732000	1576197335732000
22	1576283735	1576197335733000	1576197335733000
23	1576197395	1576197335737000	1576197335737000
24	1576197395	1576197335808000	1576197335808000
25	1576283735	1576197335957000	1576197335957000
26	1610498136	1576197336046000	1576197336046000
27	1591749348	1576197348877000	1576197348877000
28	1591749348	1576197349114000	1576197349114000
29	1576199148	1576197349114000	1576197349114000
30	1639269348	1576197349485000	1576197349485000
31	1591965350	1576197350446000	1576197350446000
32	1609893349	1576197350673000	1576197350673000
33	1639269350	1576197350696000	1576197350696000
34	1576283750	1576197350697000	1576197350697000
35	1638405349	1576197350708000	1576197350708000
36	1638405349	1576197350708000	1576197350708000
37	1576197411	1576197351008000	1576197351008000
38	1583973351	1576197351161000	1576197351161000
40	1610325351	1576197351293000	1576197351293000
41	1610325351	1576197351300000	1576197351300000
42	1610325351	1576197351301000	1576197351301000
43	1576199151	1576197351302000	1576197351302000
44	1639269350	1576197351399000	1576197351399000
45	1583973351	1576197351912000	1576197351204000
46	1583973351	1576197351996000	1576197351996000
47	1639269351	1576197351996000	1576197351996000
49	1576197426	1576197366179000	1576197366179000
50	1591749366	1576197366517000	1576197366517000
53	1607733366	1576197367167000	1576197366142000
54	1578789366	1576197367245000	1576197367245000
55	1607733367	1576197367430000	1576197367430000
56	1607733367	1576197367431000	1576197367431000
59	1639269368	1576197368153000	1576197368153000
60	1576283768	1576197368153000	1576197368153000
61	1576197428	1576197368154000	1576197368154000
62	1609893367	1576197368279000	1576197368279000
63	1591749367	1576197368280000	1576197368280000
66	1639269369	1576197369037000	1576197369037000
68	1576199170	1576197370971000	1576197366641000
69	1607733370	1576197370971000	1576197366641000
70	1891557371	1576197371053000	1576197367568000
71	1583973371	1576197371296000	1576197368955000
72	1607733371	1576197371307000	1576197367441000
73	1607733372	1576197372615000	1576197372615000
